free_thresh: 0.196
image: phd_office_map.pgm
negate: 0
occupied_thresh: 0.65
origin: [-2.599999999999998, -6.199999999999999, 0.0]
resolution: 0.05
