free_thresh: 0.196
image: rococo_lab_map.pgm
negate: 0
occupied_thresh: 0.65
origin: [-1.1999999999999993, -4.549999999999999, 0.0]
resolution: 0.05
